        0     1     2     3     4     5     6     7     8     9    10    11    12    13 
ALA    31    81    59    46    20    -7   -26   -26   -26   -26   -26   -26   -26   -26 
CYS   124   141    50     3   -43   -71  -101  -143  -122  -132  -127  -129  -128  -129 
ASP    -9     0    30    76    92   124   137   136   136   136   136   136   136   136 
GLU   -25   -42   -12    32    88   114   165   208   186   197   191   194   193   193 
PHE    49    13   -23   -43   -57   -37   -30    10   -10     0    -5    -2    -3    -3 
GLY   -38    56   102    69    36     4     1    -3    -1    -2    -1    -1    -1    -1 
HIS    13   -16   -15    -7     2    14    58    61    59    60    59    60    59    60 
ILE    54    19   -34   -55   -70   -68   -79   -71   -75   -73   -74   -73   -73   -73 
LYS   -48   -51   -18    14    69   127   228   365   296   330   313   322   317   320 
LEU    63    60    -1   -33   -29   -23   -10   -19   -14   -16   -15   -16   -15   -16 
MET    43    20    -4   -12   -18   -12    24    54    39    46    42    44    43    44 
ASN    -3     0    27    52    67    78    52    87    69    78    73    76    74    75 
PRO    18    14    44    93   109   124   119   204   161   182   172   177   174   176 
GLN   -53   -28    -7    19    49    80   102   100   101   100   100   100   100   100 
ARG   -19   -35   -20    -9    25    80   192   183   187   185   186   185   186   185 
SER   -31   -17    16    23    27    23    37   -10    13     1     7     4     6     5 
THR   -12   -53   -55   -20     1    15    16   -15     0    -7    -3    -5    -4    -4 
VAL    14     8   -28   -48   -70   -93  -116  -106  -111  -108  -109  -109  -109  -109 
TRP    90    19   -24   -35   -54   -31     0    68    34    51    42    46    44    45 
TYR    63    -7   -12   -55   -51   -49   -21   -23   -22   -22   -22   -22   -22   -22 
UNK    16     9     3     5     9    19    37    53    45    49    47    48    47    47 
