        0     1     2     3     4     5     6     7     8     9    10    11    12    13 
ALA    31    46    28    13   -13   -13    -3   -44   -23   -33   -28   -31   -29   -30 
CYS   157    59   -15   -52   -80   -79   -93  -141  -117  -129  -123  -126  -124  -125 
ASP   -59   -31   -27     0    26    40    32    12    22    17    19    18    18    18 
GLU   -18    -5    29    56   100   114   136   209   172   190   181   186   183   185 
PHE    89    38     4   -19   -15    17    36    83    59    71    65    68    66    67 
GLY   -63   -32   -14   -26   -45   -72   -67   -76   -71   -73   -72   -73   -72   -73 
HIS     0    -8   -18    -8    -3    16    37    40    38    39    38    39    38    39 
ILE   128    71    26    16     6    10    -4    -4    -4    -4    -4    -4    -4    -4 
LYS   -26   -33     0    32    91   145   189   246   217   231   224   228   226   227 
LEU   101    45    14     2     9    21    10    37    23    30    26    28    27    28 
MET    63    26    10    16    -1    14    16   102    59    80    69    75    72    73 
ASN   -46   -37   -28   -12    -1     0   -14     4    -5     0    -2    -1    -2    -1 
PRO   -49   -50   -41   -50   -55   -61   -59   -36   -47   -41   -44   -43   -43   -43 
GLN   -13    -7    11    34    50    80    92   160   126   143   134   138   136   137 
ARG     9   -15     0    26    43    62   107    74    90    82    86    84    85    84 
SER   -36   -20    -7    -1    -6   -17   -21   -23   -22   -22   -22   -22   -22   -22 
THR    -9    -8    -7     0     1   -12   -15     7    -4     1    -1     0     0     0 
VAL   115    73    32     6    -2   -19   -28   -43   -35   -39   -37   -38   -37   -38 
TRP   108    38     6   -23    -6     6     7    69    38    53    45    49    47    48 
TYR    86    22    -2    -9    -6    25    15    61    38    49    43    46    45    45 
UNK    28     8     0     0     4    13    18    36    27    32    30    31    30    30 
